0.22471284866333008
0.2195603847503662
0.25804710388183594
0.22855091094970703
0.23224306106567383
0.28934645652770996
0.24012327194213867
0.22590398788452148
0.22705316543579102
0.24799036979675293
0.21594500541687012
0.2255411148071289
0.19000983238220215
0.19131207466125488
0.18323659896850586
0.1802659034729004
0.17719435691833496
0.1792140007019043
0.1733226776123047
0.16924571990966797
0.17707562446594238
0.200761079788208
0.20979666709899902
0.20749831199645996
0.2063758373260498
0.20107603073120117
0.2023627758026123
0.25932955741882324
0.19139385223388672
0.1878194808959961
0.20697975158691406
0.19256830215454102
0.19193315505981445
0.19065308570861816
0.18857073783874512
0.19526219367980957
0.2525923252105713
0.19377660751342773
0.19647502899169922
0.19564151763916016
0.19044947624206543
0.2077624797821045
0.19878244400024414
1.1920928955078125e-06
9.5367431640625e-07
4.76837158203125e-07
7.152557373046875e-07
1.430511474609375e-06
7.152557373046875e-07
9.5367431640625e-07
4.76837158203125e-07
7.152557373046875e-07
1.1920928955078125e-06
7.152557373046875e-07
1.430511474609375e-06
7.152557373046875e-07
7.152557373046875e-07
4.76837158203125e-07
1.430511474609375e-06
7.152557373046875e-07
1.1920928955078125e-06
7.152557373046875e-07
4.76837158203125e-07
7.152557373046875e-07
9.5367431640625e-07
9.5367431640625e-07
7.152557373046875e-07
4.76837158203125e-07
9.5367431640625e-07
9.5367431640625e-07
4.76837158203125e-07
1.1920928955078125e-06
